Helmholtz_GP_Table with real energy, S, dSdE, and dSdd in 2D of single cell
4 1 2
1 1 0 0
1 1 0 0
1 2 1.5368759377031198e+16 2.0594480899999924e+16
1 2 1.0000000000000000e+02 1.3593563909000000e+02
0 2 4.5000000000000001e-01
0 2 6.0000000000000000e+00
1 0 0 0
0 1 0 0
6.945900576237803698e+08 7.438440249932442904e+08 6.715730539409664869e+08 7.178584521034070253e+08 1.090961649086068949e+22 9.778765157019229880e+21 1.027405027153616778e+22 9.172824477222853149e+21 -3.960554180727232993e+07 -4.482273811538780481e+07 -2.783716840320829302e+07 -3.134985870928638428e+07 1.045144304593745250e+15 7.187127817999999557e+00 1.100000000000000144e-01 1.200000000000000178e+00
