Helmholtz_GP_Table with real energy, S, dSdE, and dSdd in 2D of single cell
4 1 2
1 1 0 0
1 1 0 0
1 2 1.5368759377031198e+16 2.0594480899999924e+16
1 2 1.0000000000000000e+02 1.3593563909000000e+02
0 2 4.5000000000000001e-01
0 2 6.0000000000000000e+00
1 0 0 0
0 1 0 0
2.624697588244579163e+11 -3.466398159084095459e+11 -1.659585723450719299e+11 2.515904231268879089e+11 3.004710917797741886e+26 3.567690391389823064e+26 -6.898553481032974665e+25 -7.280511436279523091e+25 2.733880234958495605e+12 -4.541507467217305664e+12 2.356252809938630371e+12 -3.668988394205243164e+12 2.090288609187490400e+16 1.437425563599999805e+02 2.200000000000000178e+00 2.400000000000000000e+01
