Helmholtz_GP_Table with real energy, S, and dSdE, 2D of single cell
4 1
1 1 0 0
1 1 0 0
1 31   1.53687594e+16   2.05944809e+16
1 16   1.00000000e+02   1.35935639e+02
0 10   4.50000000e-01
0 6   6.00000000e+00
1 0 0 0
-7.937368375179854631e+08 1.562756423729885578e+09 3.699000618652106524e+08 -4.096843488214545846e+08 -3.512639106331731000e+03 3.893907202171359586e+03 -3.391423231018875867e+03 3.754659541865649317e+03 2.090288628051734400e+16 1.437425563514102578e+02 2.444444444444442421e-01 4.800000000000000711e+00
