Helmholtz_GP_Table with real energy, S, dSdE, dSdEE, 1D
4 2 1
1 0 0 0
1 1 0 0
1 31   1.53687594e+16   2.05944809e+16
0 16   1.00000000e+02
0 10   4.50000000e-01
0 6   6.00000000e+00
1 0 0 0
2 0 0 0
-4.695736399274921875e+13 4.695852889254121875e+13 -1.220507233777395669e+29 -1.233060719356016557e+29 -1.064335249924411343e+44 1.099606502821352795e+44 2.090288609187490400e+16 1.437425563599999805e+02 2.200000000000000178e+00 2.400000000000000000e+01 1.798162013851555600e+16 1.000000000000000000e+02 4.500000000000000111e-01 6.000000000000000000e+00
