Helmholtz_GP_Table with real energy, S, dSdE, and dSdd in 2D of single cell
4 1 2
1 1 0 0
1 1 0 0
1 2 1.5368759377031198e+16 2.0594480899999924e+16
1 2 1.0000000000000000e+02 1.3593563909000000e+02
0 2 4.5000000000000001e-01
0 2 6.0000000000000000e+00
1 0 0 0
0 1 0 0
4.025656399678251266e+09 -6.333486567429232597e+09 1.549434760393624306e+09 2.266422173469440937e+09 5.624720138925910539e+24 1.532675586922757769e+25 1.105999690129182032e+24 6.565980038503270890e+24 -1.185885431087040329e+10 -1.064986169428937225e+11 1.261917854559713173e+10 -1.752433969785984421e+10 1.045144304593745200e+16 7.187127817999999024e+01 1.100000000000000089e+00 1.200000000000000000e+01
