Helmholtz_GP_Table with real energy, S, dSdE, dSdEE, 2D of single cell
4 2 2
1 1 0 0
1 1 0 0
1 31   1.53687594e+16   2.05944809e+16
1 16   1.00000000e+02   1.35935639e+02
0 10   4.50000000e-01
0 6   6.00000000e+00
1 0 0 0
2 0 0 0
1.041311485566562891e+09 1.115273455684784889e+09 1.006803691360825062e+09 1.076311078273928165e+09 1.074324873393513012e+22 9.934065893897995813e+21 1.011349489600143190e+22 9.322978426868762411e+21 3.787707655149967076e+38 4.057574501577239437e+38 3.662179395584033519e+38 3.915815875057981535e+38 1.045144304593745250e+15 7.187127817999999557e+00 1.100000000000000144e-01 1.200000000000000178e+00
