Helmholtz_GP_Table with real energy, S, dSdE, dSdEE, 2D of single cell
4 2 2
1 1 0 0
1 1 0 0
1 31   1.53687594e+16   2.05944809e+16
1 16   1.00000000e+02   1.35935639e+02
0 10   4.50000000e-01
0 6   6.00000000e+00
1 0 0 0
2 0 0 0
-3.448678356080779297e+13 3.448808147092223438e+13 -1.286643615810536719e+13 1.286629892558209180e+13 -8.908881202089926361e+28 -9.110175397692447009e+28 -3.400822692837500885e+28 -3.322658493460803820e+28 -7.679135608242290984e+43 8.237146190360281274e+43 -3.058310548088963021e+43 2.846495635275600826e+43 2.090288609187490400e+16 1.437425563599999805e+02 2.200000000000000178e+00 2.400000000000000000e+01
