Helmholtz_GP_Table with real energy, S, and dSdE, 2D of single cell
4 1
1 1 0 0
1 1 0 0
1 31   1.53687594e+16   2.05944809e+16
1 16   1.00000000e+02   1.35935639e+02
0 10   4.50000000e-01
0 6   6.00000000e+00
1 0 0 0
6.945899554538844824e+08 7.438443011943455935e+08 6.715727877233804464e+08 7.178585194635533094e+08 9.986738387909901576e+03 8.951373533603804390e+03 9.404943853685459544e+03 8.396702827177687141e+03 1.045144314025867250e+15 7.187127817570512889e+00 1.222222222222221245e-02 2.400000000000000466e-01
